22.73114776611328
983.326416015625
151.6758575439453
43.448204040527344
37.96787643432617
21.223398208618164
13.721589088439941
10.654335021972656
8.191408157348633
6.662669658660889
5.957094192504883
7.316002368927002
15.250920295715332
12.553930282592773
10.606829643249512
9.571553230285645
8.388570785522461
7.453718662261963
6.743167400360107
6.193236351013184
7.986035346984863
7.293751239776611
6.690464496612549
6.453764915466309
6.023409366607666
5.621459484100342
5.713934421539307
6.183131217956543
5.812906265258789
5.640688419342041
5.334529399871826
5.062623500823975
4.820186614990234
5.166143417358398
6.734093189239502
6.389200210571289
6.172222137451172
6.165128231048584
5.885990619659424
5.631028652191162
5.541462421417236
6.426166534423828
6.639963626861572
6.371461868286133
6.120411396026611
6.1410813331604
5.982330322265625
6.012156963348389
5.7960710525512695
5.596158504486084
5.410635471343994
5.23778772354126
5.076677322387695
5.275164604187012
5.118090629577637
4.973595142364502
4.848813056945801
4.720927715301514
4.598442077636719
4.482985019683838
4.556312084197998
4.507816791534424
4.873470783233643
4.755964756011963
4.990177631378174
4.90164852142334
4.79172420501709
4.71182107925415
4.607633113861084
4.577417850494385
4.509741306304932
4.478039264678955
4.443968772888184
4.41778564453125
4.333724021911621
4.260580062866211
4.530787944793701
4.4698686599731445
4.4797282218933105
4.540547847747803
4.509575366973877
5.110291957855225
5.113351345062256
5.016775608062744
4.9299139976501465
4.866771697998047
4.7798542976379395
4.912417888641357
4.840746879577637
4.757851600646973
4.847477436065674
4.766343116760254
5.048587322235107
4.962491512298584
4.879521369934082
4.834146499633789
5.276040077209473
5.188022613525391
5.102462291717529
5.101423740386963
5.1505632400512695
5.120702266693115
5.06032657623291
4.982048511505127
4.906477451324463
4.983901023864746
4.909648418426514
5.173084259033203
5.400675296783447
5.343449115753174
5.331660270690918
5.33306884765625
5.258652687072754
5.2160563468933105
5.185033798217773
5.347378253936768
5.321481704711914
5.264370918273926
5.43588924407959
5.360469341278076
5.2867045402526855
5.217209339141846
5.148632526397705
5.191547870635986
5.1724348068237305
5.106149673461914
5.313409328460693
5.244562149047852
5.1776227951049805
5.168585300445557
5.109228134155273
5.153104782104492
5.090392589569092
5.029037952423096
5.015324592590332
5.059532165527344
5.0331926345825195
5.07966947555542
5.281644821166992
5.249841213226318
5.190321922302246
5.392627239227295
5.330626010894775
5.269053936004639
5.292132377624512
5.241670608520508
5.183035373687744
5.13911247253418
5.101492404937744
5.187197208404541
5.365760326385498
5.306859970092773
5.274353981018066
5.3615288734436035
5.536728858947754
5.4763312339782715
5.502432823181152
5.481466293334961
5.4233832359313965
5.442107677459717
5.386196613311768
5.336089611053467
5.281938552856445
5.232719898223877
5.181775093078613
5.1323394775390625
5.343817234039307
5.317685604095459
5.308606147766113
5.256738185882568
5.206841468811035
5.171621322631836
5.122779369354248
5.28306770324707
5.233420372009277
5.188469886779785
5.141798496246338
5.0947794914245605
5.051161766052246
5.005952835083008
5.172039031982422
5.1256866455078125
5.080129146575928
5.126335144042969
5.081280708312988
5.038577556610107
4.995195388793945
4.955435276031494
5.166645050048828
5.293015003204346
5.3000898361206055
5.254263401031494
5.287593364715576
5.353527545928955
5.357626914978027
5.311966419219971
5.2745490074157715
5.231926441192627
5.226744651794434
5.1840596199035645
5.203373432159424
5.270281791687012
5.227353096008301
5.20627498626709
5.168694972991943
5.271468639373779
5.351961135864258
5.467700481414795
5.506220817565918
5.652376174926758
5.668034553527832
5.6218414306640625
5.629570007324219
5.632452487945557
5.799956798553467
5.752966403961182
5.825627326965332
5.872345924377441
5.826411724090576
5.78347635269165
5.73910665512085
5.861605644226074
5.815310001373291
5.770339488983154
5.72883939743042
5.684811592102051
5.641459941864014
5.60050630569458
5.701517581939697
5.658551216125488
5.623072147369385
5.581441402435303
5.677862644195557
5.637251377105713
5.702264785766602
5.911333084106445
5.867186069488525
5.823785781860352
5.781410217285156
5.73930025100708
5.697839736938477
5.713223934173584
5.723506927490234
5.682807445526123
5.642650127410889
5.6049604415893555
5.573382377624512
5.535005569458008
5.565517425537109
5.527435302734375
5.4901299476623535
5.4532341957092285
5.417638778686523
5.381725788116455
5.376206874847412
5.376206874847412
