22.618894577026367
986.029052734375
151.481201171875
43.4085578918457
37.87840270996094
21.180583953857422
13.697848320007324
10.636070251464844
8.178922653198242
6.653534412384033
5.9497151374816895
7.298782825469971
15.217784881591797
12.52860164642334
10.586870193481445
9.557870864868164
8.377294540405273
7.444254398345947
6.734945297241211
6.186138153076172
7.97201681137085
7.281528949737549
6.679744243621826
6.442952632904053
6.013857364654541
5.612888336181641
5.704859256744385
6.171278476715088
5.802031517028809
5.629523754119873
5.324310779571533
5.053228378295898
4.811506748199463
5.152476787567139
6.7124152183532715
6.369265079498291
6.160064697265625
6.158966064453125
5.880288124084473
5.625707626342773
5.525725364685059
6.410651206970215
6.622227191925049
6.355055332183838
6.104928016662598
6.129578590393066
5.968138217926025
5.99777889251709
5.782491207122803
5.583306789398193
5.398453712463379
5.226222038269043
5.06567907333374
5.264579772949219
5.108003616333008
4.964012622833252
4.839869022369385
4.712386131286621
4.590264797210693
4.47514533996582
4.547502040863037
4.4980387687683105
4.864546298980713
4.747368335723877
4.980113983154297
4.892518520355225
4.7832207679748535
4.700953006744385
4.597153186798096
4.567485809326172
4.499067306518555
4.467244625091553
4.43295955657959
4.406877040863037
4.323166370391846
4.250434875488281
4.521499156951904
4.460624694824219
4.471472263336182
4.5279622077941895
4.497608184814453
5.094425678253174
5.097773551940918
5.001569747924805
4.914933681488037
4.852226257324219
4.765682697296143
4.901312351226807
4.83030366897583
4.7476959228515625
4.83558988571167
4.754737377166748
5.035915374755859
4.950170040130615
4.867533206939697
4.822042465209961
5.266024112701416
5.178296089172363
5.092992305755615
5.095691204071045
5.146315574645996
5.119146347045898
5.059326648712158
4.981073379516602
4.9055280685424805
4.983790874481201
4.909539699554443
5.173961162567139
5.399941444396973
5.342415809631348
5.330094814300537
5.330289363861084
5.255893707275391
5.213167667388916
5.182027816772461
5.344658851623535
5.318395614624023
5.261184215545654
5.433130264282227
5.3578057289123535
5.28410005569458
5.214692115783691
5.1461639404296875
5.1891655921936035
5.169197082519531
5.102970123291016
5.31246280670166
5.243633270263672
5.176713466644287
5.167384624481201
5.107927322387695
5.151716232299805
5.089022636413574
5.0276970863342285
5.013172626495361
5.057211399078369
5.031360149383545
5.0767598152160645
5.278011798858643
5.2458720207214355
5.18638277053833
5.389161109924316
5.32719087600708
5.265682697296143
5.289052486419678
5.238658428192139
5.180078506469727
5.136026859283447
5.098666191101074
5.184393405914307
5.363456726074219
5.304596424102783
5.272192478179932
5.359227657318115
5.535361289978027
5.474987983703613
5.5016188621521
5.48065185546875
5.422596454620361
5.4414472579956055
5.385531902313232
5.33535623550415
5.2812113761901855
5.232187271118164
5.181285381317139
5.1318488121032715
5.343176364898682
5.316890716552734
5.3078532218933105
5.255998611450195
5.206112384796143
5.170764923095703
5.121933937072754
5.282948970794678
5.2332987785339355
5.188717842102051
5.142148494720459
5.095119953155518
5.051731109619141
5.006515026092529
5.174193382263184
5.127805233001709
5.082216739654541
5.128048896789551
5.082969665527344
5.040280818939209
4.996874809265137
4.957090377807617
5.168654918670654
5.295541286468506
5.302918910980225
5.257054805755615
5.290432929992676
5.356563091278076
5.360897541046143
5.315193176269531
5.2776899337768555
5.235050201416016
5.229531764984131
5.186817646026611
5.205026149749756
5.271399974822998
5.22845458984375
5.2071146965026855
5.169541358947754
5.272218704223633
5.353517055511475
5.468710422515869
5.50748872756958
5.654147148132324
5.668827533721924
5.622625827789307
5.630027770996094
5.633090972900391
5.800430774688721
5.753434181213379
5.826810359954834
5.874063014984131
5.828118801116943
5.78521728515625
5.740817070007324
5.863803386688232
5.81748104095459
5.7724738121032715
5.731054782867432
5.686999320983887
5.643620491027832
5.602603912353516
5.704402923583984
5.661402702331543
5.625878810882568
5.584216594696045
5.680426120758057
5.639789581298828
5.704957485198975
5.913816928863525
5.869640827178955
5.8262104988098145
5.783799648284912
5.74166202545166
5.700174331665039
5.715461254119873
5.725848197937012
5.685121059417725
5.644937515258789
5.607227325439453
5.575727939605713
5.537325859069824
5.567600727081299
5.529496192932129
5.492166519165039
5.4552483558654785
5.4196248054504395
5.383691310882568
5.378532409667969
5.378532409667969
